26670687
26681664
26584763
7065211
26698301
26815052
26639161
26660834
26707767
26742360
26789753
26425088
26662168
26345137
26616436
26667082
26737158
26820450
26667080
26329796
26263428
25866686
26374671
25817053
26607928
26932873
26647711
26415200
26376558
26936282
25881781
26698219
25945350
26712210
26322972
26715476
26640851
26640851
26356321
26263919
26596124
26740396
26845249
26705307
26365262
26921952
26385940
26627743
26805173
26869078
26359246
26416169
6875396
26708200
26878876
26914034
3428500
10774104
26586432
26291803
26428938
26309968
26220725
26652816
24716033
26651353
26748688
26860079
26527937
26683353
26581774
26351171
25833913
26418093
26617076
26781753
26675616
26633183
26738055
26581083
26689198
26283288
26389466
26284956
26827945
26769480
26868377
26665261
25834333
26271094
26797632
26740391
26274328
26649931
26649931
26390938
25731059
26611039
26611076
26365631
26335580
26705560
26715657
26727361
26381346
26667644
26836806
26700688
25904974
26012321
26575151
25885827
26675511
26841140
26641637
26860031
26594369
25881535
26391951
26695145
26599156
26728643
26743541
26759650
25908065
26752720
26584103
26692652
26820671
26688846
26673872
25723780
26351532
24299052
26342366
25884841
26700633
26801827
26030078
26830647
24753712
26389329
26710402
26835595
26865305
26836588
26430669
26328481
26752337
4319234
26704623
25889476
26748874
26392857
26639186
26322637
26735048
26280709
26588671
25926756
26303778
26856907
26421442
26743490
26682875
26897019
26877406
26678599
26676350
26636559
26903859
3269027
26392671
26377674
26881114
26661608
26717012
26929113
26703893
26675648
26740041
26661229
26663628
26382689
26340302
26341137
25851799
26375693
11625312
26711887
26724235
26599076
26389455
26755037
26588644
26678594
26385107
26691319
26642163
26375028
26733468
26373110
26838466
26678818
26873826
26688568
26798463
26596140
26635418
26798437
25953430
26615510
26577938
26279128
26715486
24746649
10726963
25749813
26857715
26779253
26373527
26576793
26361631
26718518
25862560
26665828
26717467
26328483
24706550
26918603
26740389
26826077
26789384
26649095
26772763
26853455
26720459
26628380
26372971
26815983
26751772
26752075
26722331
26805308
26902245
26613450
26720119
26575848
26771972
26290787
26290787
26724115
7065334
26703844
25799331
26384783
26801046
26791592
26873613
25736075
26279449
26368466
26429883
26296905
26635328
26923099
10752547
26392856
26594404
26590971
26602794
26859935
25890079
26473775
26884383
26756523
26774772
26664345
26611083
26637891
26715586
25960953
25824009
26341593
26341593
26358588
26746381
26849113
26603632
26474112
26779401
26700276
26740606
25708452
26374586
26609126
26678807
26599752
26682874
26864143
26298805
26348798
25845294
26736624
3008662
26798440
26790890
26652097
26599625
26869052
26677985
26697682
26339228
26309618
26729533
26831503
26760485
26742362
26742362
26728637
26781687
26436645
26794240
26386434
26411217
26781795
25762270
3012033
26417192
26219651
26910854
26365474
26721478
26746731
26715591
26754730
26328122
26653375
26577541
26655961
21766698
26849308
25937931
26712559
26715795
26732514
26597902
25928763
26946395
26352306
26629153
26673947
26753451
3863845
26791597
26906565
24859459
26761231
26726912
26757919
26702289
26604675
26352610
26767306
26696639
26704592
26758757
26717015
26784894
26684350
26757049
25830800
26801047
26628824
26628824
25937856
26177916
26431328
26781921
26834930
26654300
26675615
26426055
26650051
26339515
26732518
26087258
26388555
26717834
26414979
26381255
26928204
26709728
26709728
26696875
26706957
26301576
26913876
26769892
26600422
26789734
25955508
26344731
26887027
26596704
25919581
26756876
26823817
26873155
26329059
4925418
26670686
25856435
26678813
26344998
26683683
26378107
26656388
6966372
26366493
22346861
26752006
26382767
26385614
25769158
26733260
26669291
26647224
26713424
26862907
26739432
25821467
26794795
26386725
6872259
26163266
26429841
26675653
26762755
26708697
26874528
26577937
26605913
26297542
26774711
26602966
26609692
26307055
26600929
26730644
26749151
26707472
26602368
26703889
26667643
26644834
21264283
26379657
26779663
1892134
26421342
26392843
25896953
25821506
26806792
24910035
26746534
26788025
26873149
26807676
26666168
26811844
26776912
26737505
26776529
26820672
26727369
26453233
26628352
26700715
26628352
4078592
21335963
26277167
26727307
26845362
26655965
26731589
26411388
26309892
26589497
26649041
25909389
26358783
26815153
26801745
26752161
26725412
26643898
26740223
26704444
26891689
26782713
26680434
26805631
26644116
26596158
26576697
26584104
26644116
26683352
26677767
26578012
26757826
26295868
26724114
26765310
26862279
26771140
26311976
26788945
26811647
26235351
24299620
26827946
26377047
26864149
26377047
26347316
26868375
26142528
26730129
26739358
26791670
26637701
26933045
6874166
26707093
26546802
26176418
26377690
26353381
26615509
26326696
26662234
26649889
26803835
26361479
26301569
26635319
26776439
26727250
26647011
26667645
26386317
26528968
3078582
26788943
26878878
26692295
25023165
26679202
26788944
26638831
26331094
26377033
26896962
26413306
3073268
26335853
26924138
26862906
26802921
26874527
26655581
26674023
26883072
24839205
26653127
26597755
26715683
26584086
6959015
26597755
26881134
26677623
26688574
26660067
26822683
26761334
26862232
26663553
26438851
26352412
25966185
26365472
26740388
26708582
26735273
4135436
4135436
26740388
3008691
26670576
26659459
26614134
26473874
26803819
26663558
26649888
26779322
3056302
26630538
26345159
26630538
26803790
26672545
26608194
26429842
26608448
26688575
26682917
25873036
26684708
26722222
26805313
26732441
26882330
26614081
26253737
26842501
26328112
26436652
10558441
26829144
26809565
26728682
26715847
26309157
25981077
26906572
26588672
26330969
11632599
26433121
26309270
26591951
25813315
25927993
25924268
26766253
26639179
26322816
26758347
26670579
26679190
26903184
26332941
26427203
26892419
26384757
26324882
26325436
26738092
26749102
26738092
26892419
26324882
26792822
26382698
26839582
26844321
26388164
26870044
26720414
26769620
26939209
26682882
26427810
26259638
26253902
26754515
26346554
26683684
26802286
26809804
26835348
25859059
26888884
26656386
26253606
26363201
24696729
26360518
26733499
26717811
26706824
26717811
26363201
26388342
26363033
26693233
26386744
26685399
25939432
26785194
26438819
26607046
26919021
26814626
26738091
26593271
25785893
26717837
26738091
25907086
26420704
26853010
26737052
24747316
25881669
26362743
26389659
26857233
26798439
26771062
26895158
26347897
26758363
26703456
26742718
26865382
26883107
25806980
26740492
26644833
25969187
26757856
26429879
26884918
26718521
26269515
26720125
26426149
26821032
26722101
26790676
26723783
26834004
26844013
26820704
26612335
26354528
26694902
26759566
26575937
26715380
26761308
26808245
26582382
26596159
26305425
26761236
26088326
26543037
26265101
26784932
26611561
26717813
26206769
26752668
26324698
26717812
26758722
26675552
26686146
26593732
26673217
26735575
26755514
26581099
26877469
25852314
26761872
25831286
26834772
26631152
26412593
26779555
26877418
26282454
26378692
26890352
26697986
26684331
26125842
24756649
26388981
26590060
26609134
26722604
26639072
25723093
26754085
26639072
26583292
25887265
26781781
26679130
26691515
26741570
26696646
26733238
26700815
25964200
26741570
26696646
26788918
26586695
26907458
26853690
26729349
26815834
25910172
26326452
25755444
26745206
25911806
26661532
26582793
26689410
25853697
26388629
26681655
26415259
26751725
26729329
26385610
26322967
26384948
26585909
26874872
26730547
26906538
26614137
26940049
26818281
26654029
26599776
26348778
26309430
26757949
26639183
25911681
26527944
26761247
26639183
26609129
26757949
26606685
26772204
26410673
26899251
25923559
26894860
26704857
26631293
26581334
26765297
26749162
26743534
25783405
25821463
26728351
26775546
26647067
26822105
26765297
26810226
26675621
26884522
26792481
26318896
26637870
26637870
26452898
26852892
26685341
26334956
26700711
26840396
26665257
26743592
26715478
26849144
3842478
26761246
26656866
26656866
26761246
26433132
26712212
26821230
26924748
26727248
26340501
26352361
26850809
26666174
26717781
3071546
26363170
26648456
3071546
26784899
25964199
26706109
26706820
26727352
26896120
26694961
26614084
26796680
26375417
26896120
26855690
25940207
26390973
26636815
26785247
26687190
26806099
26592984
26688471
26724112
26705559
26820548
26813149
26740667
26726950
26724112
26683354
26933241
26649224
26680554
26677788
26720633
26757997
26649224
26757997
26611806
26259642
26328121
26834762
26384765
26857647
26711658
26425388
26882249
26629013
26584780
26337367
26724686
26779279
26178738
26609920
26672548
24826968
26369643
26709507
25985487
26312093
26798545
26359261
26775520
26774168
26837949
26724122
26837949
26858290
26774168
26724850
26877112
26457368
26843124
26660936
26359261
26279138
26798545
26299473
24698523
26792305
26694683
26720253
26299473
24698523
26779151
26320890
26759822
26660864
26797707
26341315
26746532
26433985
26706064
26359190
26806779
26419159
26801731
26752724
26752724
26345051
26818933
26801731
25963281
26611625
26870057
26742746
26703949
26636115
26601361
26633276
26742746
26633276
26888494
26601361
26302921
26846767
26713480
26721322
26385088
26818333
26684328
26640840
26712240
26891480
26818333
26684328
26721322
26734698
26681652
26758802
26610877
26385088
26910800
26297251
26768295
26630484
26847447
26644313
26427677
26393989
26768295
26331201
25885264
22265181
26630484
26393989
26910800
26782088
26847447
26605926
26892672
26852460
26740226
26852163
26873904
26351026
26892672
26351026
26852460
26353862
6034028
26647024
26700089
26724772
26873004
26870580
26604184
26724772
26647024
26635294
26709503
25830405
26834712
26796678
25830405
26655962
26726944
26829743
26774788
26781771
26718758
26384086
26781771
26822334
26680571
26660840
26846057
26809098
26418062
26879998
26712075
26601271
26765405
26894571
26779274
26759652
25773930
26933184
26759652
26712075
26809098
26779274
26775951
26910081
26890189
26856346
26177735
26177735
26643176
26834097
25970848
26856346
26831295
26745932
26761909
26304927
26385606
26809008
26359260
26385606
26877495
26897049
26809008
26637871
26359260
26855947
26761909
26306606
26754820
26716996
26792604
26306606
26700679
26634178
26258079
25912266
26737564
26337986
26716996
26754820
26981610
26720215
26712793
26875242
26737513
26772860
26947322
26869732
26842000
26657438
26764998
26652258
26724111
26446121
26286652
26290789
26681644
26848671
26319160
26446121
26842000
26652258
26752660
26780658
26286652
26668501
26184588
26328120
26678832
26850101
26715475
26200183
26328120
26630533
26850101
26200183
26913917
26835968
26379018
26902803
26678832
26820682
26674021
26785787
26724705
26802832
26607707
26311990
26381649
26732516
26844884
26721325
26306646
26818318
26802832
26811779
26766781
26377689
26432699
25980709
26369445
6873111
26887143
26253985
26667083
26881014
26377689
26253985
26660836
26899000
26887143
25980709
26785163
26598637
26865963
25836137
26342341
26921921
25957103
26882246
3578943
26413080
26785163
26592965
26865963
26598637
26924752
22621034
3578943
26924752
26785163
26727322
26846969
26762936
26710214
26883706
24743110
26588782
26807605
26826072
26883706
26710214
26807605
26826072
26722110
26811871
26588782
24743110
26789189
26846969
26613385
26775982
26693302
26629328
26741528
26678212
26735676
26613385
26691321
26864144
26933667
26776472
26741528
26776472
26613385
26654462
26913954
26887197
26691321
26629328
26887898
26828034
26720129
26728557
26649919
26797715
26720129
26682916
26705744
26828034
26761241
26827960
26785319
1855833
26752777
26653369
26737459
1855833
26807600
26761241
26579369
26920986
26892958
26801784
26852464
26737483
26769593
26769593
26807600
26785319
26642228
26370431
1855833
26737483
26913824
26615597
26827960
26738697
26772006
26842696
26694467
26670633
6985329
26753426
26753426
26608247
26694467
26742354
26895987
26897038
26772006
26680659
26830080
6985329
26417533
26412188
26762731
26836556
26412188
26772006
26417533
26651282
26670633
26712057
25922900
26857610
26811616
26653227
26761932
26722053
26744947
26734690
26811616
26363839
26653227
26720288
26728350
26754644
26722053
26811616
26742738
26734690
26744947
26705688
26639118
26657030
26835312
26809410
26861790
26600261
26823872
5327357
25838974
26809410
26705688
26657030
25884877
4202976
26774016
26774745
26474162
26681535
26821420
26682297
26310134
26386701
25918593
26795048
26474162
26740679
26866508
26357515
26869124
26849155
26866508
26869124
26681535
26821420
26682297
26386701
26474162
25918593
26357515
26675509
26708261
26860014
26418005
26370966
26879534
26818349
26735280
26393666
25809281
26738093
26820458
26921957
26720114
26735280
26818349
26315901
26393666
25809281
26720114
26728628
26289823
26385113
26385115
26385113
26385115
26461285
26743593
26802973
26787969
26862576
26783049
26590061
26744101
26743593
26590061
26787969
26702319
26783049
26802973
26888763
26890350
26701246
26778850
26890350
26888763
26930554
26702319
26703161
26844993
26688717
26538785
26787969
26816085
26741536
26342537
26673216
26834667
26820569
26658843
26774018
26774106
26696647
26696647
26875346
26822094
26774018
26661659
26827751
26879389
26780025
26834667
26702246
26673216
26820569
26875339
26910852
26779346
26219218
26700845
26613438
26834003
26503435
26608232
26700718
26700845
26574568
26742289
26613438
26219218
26894538
3610659
26894538
26875250
26613438
26757958
26861028
26746536
26827662
26959749
26845597
26882204
26853088
26828070
26818276
26420616
26868926
26707481
26690911
26326434
26702549
25850676
26868926
26326434
26841302
26647080
26614128
26690911
26707481
25850676
26339794
26745214
26703475
26880771
26822095
26860893
26666953
26724845
26889793
26644831
26745214
26860893
26339794
26724845
26703475
26850981
26918986
26673222
26762697
26710480
26730767
26767703
26394684
26769582
26860893
26722108
24867829
26918986
26850981
26724845
26726895
26889793
26762697
26703475
25961123
26825273
26903883
26696565
26801813
26361647
24699556
4301145
20503544
26732501
26696565
26825273
26825309
26808820
26851479
26808629
26851494
26361647
26680382
4301145
26742620
26602910
26801813
4301145
26637915
26742620
26431412
26687607
20503544
26825309
26598263
26769594
26909459
3796605
26861970
26883025
26662165
24714697
26728641
26785297
3796605
26728641
24714697
26719002
26707137
26719320
26707476
26892562
26769594
26656815
26681647
26415253
26721372
26333136
26651940
26769594
26655950
26883025
26615513
26415253
26815067
26834248
26710271
26670524
26815067
26811846
26708303
26088464
26710271
26708585
26724701
26611034
26703789
26875247
22984298
26670524
26708585
26611034
26707074
26815067
26632212
26708303
25964209
26682565
26965189
26732500
26815067
26426864
26666937
26708303
26708585
26859987
25964209
26834248
26379140
26584097
26717766
26351519
26876631
26856352
26706927
26901439
26661194
26766405
26782000
5327644
26766405
26784951
26351519
26882436
26425017
26883635
26716148
26427493
26634182
26849595
26382787
26716148
26316965
26661194
26706927
26883635
26333017
26734499
26865947
26797287
26370965
26796681
26700579
26437676
5041579
25761095
26715785
26762729
26671674
26595301
26797287
26877401
26700579
26761874
26727980
26843969
26461142
26805645
26786108
26609224
25961971
26797287
26724703
26691472
26877401
26595301
26271090
26751793
26609224
26846931
26720391
26381453
25961971
26751961
26756881
26691472
26761874
26671674
26715785
26860786
26271090
26862615
26746793
26846931
26894847
26581591
20472723
26322746
26792011
25944811
25953613
26776397
20472723
26686155
26878601
26581591
26759792
26751868
26720415
26630517
26712732
26712792
26772027
26746805
26894847
26348847
26751868
26603818
26704433
26792011
26878601
26776397
26421474
26792011
26603818
25887257
26720415
26704433
26860053
26758767
26616294
26807678
26747032
26815186
26635332
26339488
26789816
26789816
26816989
26794688
26633476
26785137
26765288
26746374
26785137
26746374
26581128
26633476
26635332
5327224
26773975
26661641
26581128
26816989
26773975
5327224
26887196
26738057
26896051
26609332
26724840
26782711
26724775
26762225
26745571
26909366
26882187
26788879
26724840
26609332
26710303
26615602
26415258
26762225
26745571
26615602
26720946
26644088
26703814
26415258
26782711
26762225
26879524
26860016
26706066
26724775
26609332
26290381
26896051
26832519
26720946
26882187
26724775
26724840
26886179
3072110
26816196
26710303
26644088
26706066
26788879
26886179
26724775
26415258
26724840
26609332
26869140
26891065
3072110
26716919
26879784
26780475
26831702
26719140
26827878
26666946
26904021
26881152
26860018
26887141
26661696
26827878
26879784
26780475
26716919
26831702
26719140
26904021
26661696
26715394
26714785
26831702
26666946
26860018
26716919
26719140
26716919
26666946
26887141
26387954
26591485
26875245
26649221
26649221
26816920
26679188
26591485
26387954
26775637
26677795
26677936
26875245
6985825
26856424
26881145
26779530
26710940
26873148
26742693
26369828
26677795
26591485
6985825
26844881
25827882
26701204
26260850
26816920
26873148
26635950
26742693
26677936
25880256
26679188
26649221
6985825
26881145
26679188
26374203
3060625
26855765
26591485
26856424
26682876
26803704
26710940
6985825
26842618
26715821
26842700
26336505
26426916
26718765
26336505
26426916
26909613
26842700
26715821
26842618
26656801
26715198
26842618
26605865
26715821
26718765
26909613
26336505
26842618
26715821
26605865
3219542
26336505
26795255
26701780
26743479
26605865
26606686
26718765
26795255
26772052
26772587
26743479
26426916
26744074
26802616
26860885
26779149
26637869
26356537
26860885
26779149
26235195
26779546
26779558
26638429
26754226
26811524
26705737
